
121,244
159,257
243,189
255,204
122,218
135,232
208,118
255,169
147,244
135,256
242,187
255,168
121,218
135,232
242,118
228,164
147,244
159,231
209,118
255,204
123,244
159,232
207,118
227,169
122,217
160,231
212,118
254,168
147,244
135,256
212,118
256,204
122,218
135,231
242,118
228,165
148,218
135,256
209,187
227,205
122,243
135,256
212,118
226,166
147,244
135,257
242,189
255,167
147,244
159,231
242,118
255,169
147,244
159,257
208,188
228,169
122,218
135,231
209,118
227,169
122,244
135,231
212,118
255,168
121,244
135,256
243,188
256,204
122,244
135,257
242,189
255,204
122,218
159,231
242,118
255,170
122,218
135,256
208,187
227,167
122,218
135,231
209,118
226,204
147,218
159,257
243,188
255,169
121,244
159,231
212,118
228,204
122,244
160,256
210,187
226,168
122,243
135,256
243,188
255,167
122,243
159,257
209,118
256,169
147,244
159,256
211,188
255,169
121,244
136,256
210,186
226,204
147,243
160,257
242,187
256,169
148,218
159,232
242,118
256,169
147,218
159,232
212,188
228,204
121,218
159,257
242,118
227,167
148,218
135,256
208,118
226,166
122,243
135,231
212,187
228,204
122,244
159,257
242,189
229,203
122,218
135,232
209,188
228,169
122,217
136,231
209,186
227,204
122,218
135,231
209,118
226,165
122,218
135,231
212,188
255,168
122,244
135,231
242,118
228,167
148,218
135,231
208,118
227,169
122,217
135,231
242,118
254,169
122,218
160,231
212,118
255,168
146,218
159,257
243,189
229,204
123,244
135,256
242,118
254,169
122,218
160,232
210,118
255,169
122,217
160,231
243,118
227,165
147,218
159,231
210,188
228,165
122,243
135,231
208,188
228,169
122,218
135,256
209,187
227,167
122,243
135,231
212,118
225,204
121,217
135,257
209,118
256,204
122,218
134,231
242,118
228,168
122,218
135,231
210,118
254,168
122,217
135,231
212,118
226,165
121,218
135,231
210,118
229,161
148,218
135,256
208,118
228,168
122,244
135,231
242,118
255,169
122,218
135,256
212,118
255,168
147,218
159,231
242,118
226,166
147,218
159,231
242,189
229,166
147,218
159,232
242,118
229,168
148,244
160,256
242,118
254,169
122,217
160,256
242,188
228,204
121,244
159,231
242,189
229,204
122,218
159,257
242,118
254,169
148,243
135,256
242,188
227,169
122,244
135,256
242,188
227,168
122,218
135,231
211,187
254,205
147,244
135,257
243,118
229,204
122,244
134,256
208,188
256,170
122,218
135,256
242,118
228,166
122,217
135,255
243,187
256,166
146,244
135,257
242,118
254,164
148,218
160,256
208,118
226,204
122,218
134,231
210,118
255,168
122,243
159,231
212,186
228,165
122,217
160,231
226,164
147,218
160,256
242,189
256,204
147,244
159,231
242,118
228,205
122,218
160,256
243,118
254,168
122,244
135,257
243,189
256,204
147,219
159,257
208,118
229,169
148,244
135,256
242,187
255,169
122,243
135,231
243,118
256,204
147,244
134,257
241,189
256,168
123,244
135,232
209,188
228,203
148,218
135,231
210,118
227,205
122,244
135,231
211,118
226,165
147,244
135,231
210,188
256,204
147,243
159,257
228,169
122,218
159,232
242,187
226,204
147,244
159,231
211,118
227,165
147,218
134,231
242,189
255,169
122,218
158,256
208,188
255,170
122,218
135,231
211,118
254,169
122,217
160,232
243,188
228,204
121,218
159,257
211,118
229,164
148,218
135,231
242,117
228,204
122,244
135,256
212,187
227,204
122,218
135,231
242,186
227,204
147,244
159,232
243,189
255,168
148,218
159,232
242,189
256,204
122,244
135,231
209,118
226,167
122,217
135,231
212,188
227,166
122,218
159,232
210,189
229,204
148,244
158,257
209,188
228,203
148,244
160,256
210,118
254,169
147,218
160,232
212,118
228,204
121,243
134,231
211,118
229,164
122,218
135,256
242,117
254,205
148,244
160,232
210,188
255,169
122,218
135,256
212,186
255,205
122,244
135,231
210,188
228,204
147,243
159,231
208,188
255,204
122,218
159,232
241,188
254,205
122,243
160,231
213,187
226,204
121,244
134,256
242,189
256,204
148,243
159,231
242,118
255,170
148,218
160,231
242,118
254,169
122,244
135,256
212,118
256,204
147,218
134,231
242,118
229,203
122,218
135,231
209,188
227,168
122,243
135,256
208,188
255,205
147,244
135,256
211,118
226,166
122,243
135,231
211,118
228,164
121,244
134,256
209,118
228,169
122,218
135,231
208,118
227,169
122,244
160,232
213,186
226,166
147,218
135,231
242,118
229,165
122,219
134,231
209,118
228,168
148,218
160,231
210,118
254,169
122,217
160,231
242,118
256,204
147,244
134,257
212,188
228,203
148,218
159,231
209,118
255,170
122,218
159,231
210,118
255,169
147,218
135,231
242,118
255,168
122,244
135,231
209,188
228,168
122,243
134,231
208,118
228,204
122,244
135,231
210,187
226,168
122,218
135,256
212,117
226,204
121,218
159,257
210,118
229,164
148,218
134,232
209,118
228,169
122,218
160,231
211,118
226,168
122,217
135,231
212,118
229,166
122,218
134,231
242,118
229,204
122,218
135,231
209,188
227,169
148,218
160,232
212,118
226,204
122,218
159,232